0 525 shpae_files POLY_ID
1 6       0.0729759022
1 3       0.0322171625
1 14       0.0600060612
1 2       0.0307712553
1 5       0.0504670398
1 4       0.0391099166
2 6       0.0578203644
2 1       0.0307712553
2 4       0.0562610685
2 3       0.0290409645
2 14       0.0298395017
2 5       0.0407212796
3 14       0.0446727625
3 1       0.0322171625
3 6        0.041029265
3 2       0.0290409645
3 5       0.0182656962
3 4       0.0317550617
4 6       0.0614373491
4 2       0.0562610685
4 20       0.0585137793
4 1       0.0391099166
4 3       0.0317550617
4 5       0.0411466254
5 14       0.0438733825
5 7       0.0367289177
5 4       0.0411466254
5 3       0.0182656962
5 6       0.0230034455
5 2       0.0407212796
6 11       0.0540515234
6 3        0.041029265
6 14       0.0484585709
6 15       0.0314940928
6 5       0.0230034455
6 7       0.0213986897
7 10       0.0511203784
7 9        0.048682161
7 5       0.0367289177
7 8       0.0385889983
7 15       0.0459821408
7 6       0.0213986897
8 81       0.0740001607
8 5       0.0697689255
8 10       0.0615858538
8 9       0.0432075904
8 6        0.059830774
8 7       0.0385889983
9 15       0.0693134375
9 8       0.0432075904
9 6       0.0646976224
9 10       0.0238566847
9 11       0.0452478447
9 7        0.048682161
10 8       0.0615858538
10 15       0.0534694117
10 6       0.0597418304
10 9       0.0238566847
10 11       0.0224415552
10 7       0.0511203784
11 6       0.0540515234
11 9       0.0452478447
11 7       0.0540048903
11 15       0.0367057697
11 10       0.0224415552
11 12       0.0405027921
12 14       0.0688082894
12 146       0.0425850117
12 10       0.0628698641
12 13       0.0381310301
12 15       0.0376341771
12 11       0.0405027921
13 11       0.0669525521
13 146       0.0578718647
13 6       0.0631524714
13 14       0.0372908681
13 12       0.0381310301
13 15       0.0383504121
14 6       0.0484585709
14 3       0.0446727625
14 15       0.0448408134
14 2       0.0298395017
14 5       0.0438733825
14 13       0.0372908681
15 7       0.0459821408
15 14       0.0448408134
15 13       0.0383504121
15 6       0.0314940928
15 11       0.0367057697
15 12       0.0376341771
16 122        0.844785665
16 73        0.708748417
16 308        0.781541955
16 125        0.524333001
16 144        0.725558785
16 299        0.742668416
17 42         1.10017446
17 128        0.787215516
17 43         1.02992503
17 142        0.547244894
17 27        0.523153296
17 83        0.685121882
18 38        0.745925758
18 45         0.42514901
18 135        0.647456137
18 31         0.32176238
18 47         0.34604341
18 145        0.492175303
19 116        0.135648001
19 55        0.116641701
19 81        0.132883711
19 89       0.0985533383
19 113        0.099223596
19 52         0.10947952
20 5       0.0996595871
20 3       0.0883869853
20 116       0.0863656699
20 81       0.0605495885
20 4       0.0585137793
20 1       0.0771436556
21 92        0.867581775
21 136        0.798741899
21 110        0.838894459
21 61        0.578521194
21 24        0.701096452
21 118        0.683490152
22 84         0.93211523
22 58        0.870239931
22 118        0.784420546
22 27        0.819554264
22 137        0.615720672
22 136        0.751614142
23 43          1.0056105
23 99        0.964105136
23 122        0.854721233
23 140        0.349652282
23 41        0.427105744
23 148        0.769936096
24 136         0.98608075
24 68        0.588082981
24 21        0.701096452
24 87        0.564889637
24 57        0.525476585
24 94        0.663313059
25 126        0.505849181
25 53        0.495792277
25 35        0.422410048
25 127        0.288957546
25 149        0.371315752
25 133        0.325630832
26 109        0.512637734
26 117         0.42564005
26 38        0.432963039
26 35        0.249039626
26 124        0.354369757
26 133        0.363775016
27 103        0.984585473
27 22        0.819554264
27 83        0.882328577
27 136        0.748984234
27 17        0.523153296
27 128        0.856568286
28 20        0.232942209
28 19        0.212996734
28 82         0.23082026
28 50        0.177386122
28 55         0.11945014
28 116        0.147024861
29 32        0.467106449
29 82        0.211803796
29 55        0.430950809
29 50        0.164952974
29 91         0.31122849
29 28        0.339065826
30 107        0.880420879
30 105        0.736942949
30 104        0.835588154
30 74        0.511685425
30 36        0.592771587
30 48        0.815314003
31 78        0.653121423
31 45        0.508243819
31 145        0.597300195
31 71        0.449764042
31 18         0.32176238
31 104        0.560935484
32 28        0.404442972
32 113        0.366310023
32 66        0.326655494
32 55         0.35371025
32 82        0.269059595
32 134        0.296656888
33 138        0.373494162
33 111        0.309959495
33 129        0.337555933
33 51        0.220131882
33 53         0.31437709
33 149        0.282848911
34 52        0.380255439
34 95        0.366773052
34 98        0.374108845
34 134        0.269263963
34 54        0.297471011
34 113         0.36343996
35 124         0.46584377
35 133        0.375607516
35 25        0.422410048
35 127        0.344083548
35 26        0.249039626
35 38        0.258603184
36 71        0.818677971
36 74        0.585183376
36 86        0.746007262
36 104        0.480455734
36 107        0.569429039
36 30        0.592771587
37 86        0.807757401
37 107        0.710684548
37 72        0.805262923
37 119        0.695071268
37 141        0.706952616
37 56        0.506366423
38 124        0.442006867
38 127         0.41079947
38 26        0.432963039
38 35        0.258603184
38 135         0.38732577
38 126        0.413180821
39 61        0.712654817
39 115        0.666107679
39 110        0.703010049
39 139        0.513188941
39 46        0.443918259
39 49        0.356726368
40 462        0.812724205
40 78        0.662712918
40 464         0.45120334
40 109        0.520573811
40 59        0.415304925
40 120        0.411945098
41 148        0.921630996
41 42        0.761239165
41 43        0.904448007
41 99        0.563592254
41 23        0.427105744
41 140        0.747229227
42 17         1.10017446
42 41        0.761239165
42 23         1.07810377
42 43        0.548424787
42 99        0.346737067
42 142        0.872135504
43 41        0.904448007
43 83        0.803301963
43 44        0.877362572
43 42        0.548424787
43 63        0.795325816
43 99        0.813749955
44 48        0.890381388
44 43        0.877362572
44 73        0.830593663
44 140        0.825680666
44 63        0.572810517
44 122        0.595786954
45 120        0.606825583
45 31        0.508243819
45 38        0.515468835
45 18         0.42514901
45 47        0.494876722
45 124        0.350842508
46 82        0.682654058
46 115        0.561772635
46 91        0.536031813
46 32        0.531201949
46 39        0.443918259
46 66        0.530466144
47 96        0.580482853
47 45        0.494876722
47 102        0.540497459
47 135        0.305261603
47 18         0.34604341
47 38        0.514320497
48 63        0.899603473
48 30        0.815314003
48 44        0.890381388
48 73         0.58247916
48 74        0.445486664
48 107        0.758276669
49 65        0.736882638
49 61        0.449045464
49 110        0.728213169
49 139        0.357639867
49 39        0.356726368
49 92        0.491386545
50 19        0.387927554
50 28        0.177386122
50 116        0.316031806
50 29        0.164952974
50 82        0.165746421
50 55        0.281181201
51 131        0.236994987
51 77        0.183328548
51 33        0.220131882
51 111        0.178511525
51 93        0.169249141
51 138        0.179553159
52 8        0.157108109
52 19         0.10947952
52 81         0.15008403
52 89       0.0927323624
52 54       0.0986828974
52 113        0.126216739
53 127        0.370608468
53 126        0.347338426
53 149        0.299882981
53 33         0.31437709
53 111        0.295587893
53 90        0.273342113
54 8        0.225998291
54 89        0.185639905
54 19         0.20137188
54 80        0.121971778
54 52       0.0986828974
54 113        0.174963071
55 20        0.216472068
55 28         0.11945014
55 89        0.205936808
55 19        0.116641701
55 116        0.143828497
55 113        0.149117977
56 119        0.988761859
56 86        0.745279832
56 85        0.874807824
56 67         0.41647276
56 72         0.56145775
56 37        0.506366423
57 21         1.22328648
57 87        0.633632086
57 103         1.09861108
57 68        0.405357637
57 24        0.525476585
57 94        0.819860023
58 84        0.957524449
58 123        0.559507709
58 121        0.955300769
58 145        0.518152639
58 137        0.312254652
58 22        0.870239931
59 71        0.795039839
59 85        0.420126607
59 466         0.73217572
59 78        0.414807907
59 40        0.415304925
59 120        0.497892323
60 121        0.739919868
60 110        0.520510735
60 34          0.6878775
60 98        0.328019036
60 84        0.507570201
60 66        0.480231374
61 139        0.768138639
61 110        0.576080523
61 39        0.712654817
61 49        0.449045464
61 92        0.464510248
61 21        0.578521194
62 79        0.683371907
62 112        0.360121142
62 65        0.583372076
62 147        0.269443642
62 92        0.446099397
62 94        0.536759659
63 30         1.07495269
63 43        0.795325816
63 48        0.899603473
63 83        0.597815505
63 44        0.572810517
63 105         0.83820118
64 90        0.377481829
64 97         0.32334796
64 100        0.352489633
64 95        0.177157002
64 69        0.258705309
64 88        0.345371712
65 147        0.723173741
65 62        0.583372076
65 92        0.687632041
65 79        0.235406702
65 139        0.421674058
65 112        0.471047328
66 46        0.530466144
66 34        0.441211878
66 60        0.480231374
66 134        0.400019232
66 98        0.379527581
66 32        0.326655494
67 59        0.871417361
67 37        0.810597642
67 466        0.748080428
67 56         0.41647276
67 86        0.536933234
67 85        0.460345616
68 87         0.96253686
68 24        0.588082981
68 62         0.95499733
68 94         0.47552441
68 57        0.405357637
68 147        0.908724578
69 97        0.251807678
69 111        0.219783515
69 77        0.251694868
69 95        0.213271464
69 90         0.18972307
69 100         0.18054224
70 75       0.0971838883
70 12       0.0748067815
70 11       0.0863944603
70 130       0.0707853187
70 146       0.0647695675
70 143       0.0456283232
71 18        0.767176744
71 78         0.45322666
71 85        0.753526515
71 31        0.449764042
71 104         0.48911299
71 86        0.638758219
72 67        0.919264467
72 37        0.805262923
72 306        0.841656259
72 177        0.783373164
72 56         0.56145775
72 119         0.82316099
73 141        0.860998223
73 144        0.595831816
73 44        0.830593663
73 48         0.58247916
73 125        0.668629727
73 16        0.708748417
74 141        0.994785993
74 30        0.511685425
74 73        0.984707726
74 107        0.460529981
74 48        0.445486664
74 36        0.585183376
75 93        0.128057921
75 143       0.0703257467
75 70       0.0971838883
75 131       0.0633012164
75 76       0.0537048723
75 101       0.0582237979
76 100        0.124794877
76 143         0.11650929
76 131        0.083930375
76 75       0.0537048723
76 97       0.0918171089
76 101       0.0701268239
77 75         0.15488851
77 111        0.140489958
77 76         0.15262926
77 131       0.0945895052
77 93       0.0700775271
77 100        0.104246596
78 45        0.655477697
78 31        0.653121423
78 85        0.609022545
78 120        0.415753486
78 71         0.45322666
78 59        0.414807907
79 92        0.890913669
79 62        0.683371907
79 147        0.739199293
79 139        0.645282538
79 65        0.235406702
79 112        0.436393854
80 75        0.172729929
80 76        0.148452861
80 52        0.160411099
80 54        0.121971778
80 97        0.130831435
80 101        0.121076328
81 5        0.091316351
81 8       0.0740001607
81 7       0.0894021319
81 89        0.057437251
81 20       0.0605495885
81 4       0.0634325474
82 116        0.372708764
82 32        0.269059595
82 55        0.271173393
82 50        0.165746421
82 29        0.211803796
82 28         0.23082026
83 44         1.12144382
83 43        0.803301963
83 27        0.882328577
83 105        0.665332011
83 63        0.597815505
83 17        0.685121882
84 88        0.798403814
84 98        0.650891024
84 123        0.629093663
84 118        0.599212954
84 60        0.507570201
84 121         0.56536175
85 71        0.753526515
85 78        0.609022545
85 466        0.661129891
85 86        0.576401082
85 59        0.420126607
85 67        0.460345616
86 37        0.807757401
86 56        0.745279832
86 36        0.746007262
86 67        0.536933234
86 71        0.638758219
86 85        0.576401082
87 68         0.96253686
87 57        0.633632086
87 128        0.941664672
87 103        0.501661178
87 24        0.564889637
87 136        0.898128719
88 95        0.505727794
88 34        0.463219214
88 98        0.478688799
88 121        0.333521706
88 64        0.345371712
88 102        0.341535718
89 4        0.118089807
89 19       0.0985533383
89 20        0.113529661
89 8       0.0886951589
89 52       0.0927323624
89 81        0.057437251
90 100        0.348911912
90 96         0.29380452
90 126        0.341701637
90 111        0.281371988
90 69         0.18972307
90 53        0.273342113
91 46        0.536031813
91 32        0.492154045
91 82        0.379539674
91 50        0.451950394
91 29         0.31122849
91 115        0.374961084
92 65        0.687632041
92 139        0.583059609
92 94        0.613562168
92 62        0.446099397
92 49        0.491386545
92 61        0.464510248
93 100        0.158147172
93 138        0.153834277
93 76        0.150485585
93 77       0.0700775271
93 131       0.0678248015
93 75        0.128057921
94 57        0.819860023
94 24        0.663313059
94 92        0.613562168
94 68         0.47552441
94 62        0.536759659
94 147        0.601459901
95 76        0.238574498
95 64        0.177157002
95 80        0.226784989
95 97        0.147701983
95 69        0.213271464
95 100        0.206483421
96 64        0.475639442
96 69        0.437290693
96 90         0.29380452
96 102        0.331644988
96 126        0.264637872
96 135        0.286793295
97 95        0.147701983
97 75        0.144854338
97 101        0.136687619
97 80        0.130831435
97 76       0.0918171089
97 100        0.121727009
98 121        0.587779329
98 88        0.478688799
98 134        0.553923466
98 34        0.374108845
98 60        0.328019036
98 66        0.379527581
99 140         1.22881767
99 43        0.813749955
99 142         1.13770446
99 41        0.563592254
99 42        0.346737067
99 23        0.964105136
100 75        0.161705452
100 131        0.132574372
100 93        0.158147172
100 97        0.121727009
100 76        0.124794877
100 77        0.104246596
101 131         0.12094219
101 76       0.0701268239
101 10        0.118756722
101 75       0.0582237979
101 143       0.0670480713
101 70        0.111370355
102 90        0.535252623
102 64        0.450687519
102 121        0.459380939
102 135        0.390766303
102 96        0.331644988
102 88        0.341535718
103 57         1.09861108
103 24         1.04665708
103 136         0.92073059
103 87        0.501661178
103 27        0.984585473
103 128        0.440151056
104 18        0.822614487
104 145        0.747344674
104 86        0.818947261
104 71         0.48911299
104 36        0.480455734
104 31        0.560935484
105 58        0.981911291
105 22        0.974451606
105 137        0.744755981
105 83        0.665332011
105 63         0.83820118
105 30        0.736942949
106 23         1.74927096
106 393          1.4565756
106 398         1.74235916
106 390         1.08887852
106 148         1.07398686
106 41         1.68671717
107 86        0.848959176
107 37        0.710684548
107 48        0.758276669
107 74        0.460529981
107 36        0.569429039
107 141        0.728484752
108 119        0.702859235
108 141        0.629623774
108 302         0.53799044
108 125        0.439172278
108 144        0.426549192
108 315        0.459434453
109 40        0.520573811
109 124        0.496165012
109 26        0.512637734
109 464         0.46594127
109 120        0.431741847
109 132        0.434469834
110 49        0.728213169
110 118         0.71058899
110 39        0.703010049
110 60        0.520510735
110 46         0.68308385
110 61        0.576080523
111 131        0.235059048
111 93        0.194974009
111 69        0.219783515
111 77        0.140489958
111 51        0.178511525
111 100        0.186307446
112 139        0.827190394
112 65        0.471047328
112 92        0.749414298
112 62        0.360121142
112 79        0.436393854
112 147        0.309363978
113 89        0.176894466
113 54        0.174963071
113 55        0.149117977
113 134        0.144910325
113 19        0.099223596
113 52        0.126216739
114 23         1.02379564
114 16        0.876532358
114 308        0.934587399
114 140        0.790668254
114 122          0.6933219
114 309        0.902993794
115 32        0.804652191
115 29        0.673037602
115 82        0.750806356
115 46        0.561772635
115 91        0.374961084
115 39        0.666107679
116 28        0.147024861
116 55        0.143828497
116 4        0.144746106
116 20       0.0863656699
116 19        0.135648001
116 81        0.121698538
117 263        0.654867118
117 26         0.42564005
117 35        0.598685534
117 133        0.338447454
117 132        0.256082291
117 109        0.546307268
118 136        0.801480835
118 110         0.71058899
118 22        0.784420546
118 84        0.599212954
118 21        0.683490152
118 60        0.777233359
119 315        0.791771926
119 108        0.702859235
119 306        0.664954616
119 37        0.695071268
119 141        0.662012635
119 313        0.575786367
120 45        0.606825583
120 124        0.488630931
120 59        0.497892323
120 109        0.431741847
120 78        0.415753486
120 40        0.411945098
121 64         0.67502772
121 84         0.56536175
121 98        0.587779329
121 88        0.333521706
121 123        0.399924818
121 102        0.459380939
122 73        0.880650034
122 23        0.854721233
122 16        0.844785665
122 44        0.595786954
122 140         0.50533887
122 114          0.6933219
123 88        0.719429016
123 58        0.559507709
123 102        0.703069837
123 121        0.399924818
123 145        0.546545546
123 84        0.629093663
124 109        0.496165012
124 120        0.488630931
124 35         0.46584377
124 45        0.350842508
124 38        0.442006867
124 26        0.354369757
125 141        0.742577233
125 73        0.668629727
125 302        0.622928954
125 108        0.439172278
125 144        0.254749962
125 16        0.524333001
126 38        0.413180821
126 53        0.347338426
126 135        0.387446074
126 127        0.222394534
126 96        0.264637872
126 90        0.341701637
127 149        0.450244072
127 53        0.370608468
127 38         0.41079947
127 25        0.288957546
127 126        0.222394534
127 35        0.344083548
128 136         1.12735206
128 87        0.941664672
128 142        0.661819992
128 17        0.787215516
128 27        0.856568286
128 103        0.440151056
129 146        0.377724699
129 130        0.335858825
129 93        0.374656907
129 138        0.236975129
129 51        0.286406556
129 33        0.337555933
130 138        0.121874279
130 13        0.107499246
130 143        0.116379881
130 12       0.0925805474
130 146       0.0514449581
130 70       0.0707853187
131 101         0.12094219
131 77       0.0945895052
131 143        0.120748917
131 75       0.0633012164
131 93       0.0678248015
131 76        0.083930375
132 133        0.591785728
132 26        0.577420021
132 464        0.560388475
132 109        0.434469834
132 117        0.256082291
132 472        0.543751093
133 132        0.591785728
133 35        0.375607516
133 127        0.511635643
133 26        0.363775016
133 117        0.338447454
133 25        0.325630832
134 34        0.269263963
134 55        0.259730158
134 52        0.243772583
134 19        0.243948791
134 54         0.23556733
134 113        0.144910325
135 127        0.560165261
135 102        0.390766303
135 126        0.387446074
135 47        0.305261603
135 96        0.286793295
135 38         0.38732577
136 103         0.92073059
136 21        0.798741899
136 87        0.898128719
136 22        0.751614142
136 27        0.748984234
136 118        0.801480835
137 84         1.00726287
137 123        0.793704166
137 145        0.827614535
137 58        0.312254652
137 22        0.615720672
137 105        0.744755981
138 131        0.193376206
138 70         0.17408401
138 51        0.179553159
138 130        0.121874279
138 93        0.153834277
138 146        0.172887236
139 62         0.76397323
139 79        0.645282538
139 92        0.583059609
139 49        0.357639867
139 65        0.421674058
139 39        0.513188941
140 148        0.972561434
140 122         0.50533887
140 44        0.825680666
140 23        0.349652282
140 41        0.747229227
140 114        0.790668254
141 125        0.742577233
141 108        0.629623774
141 107        0.728484752
141 144        0.496824462
141 119        0.662012635
141 37        0.706952616
142 103         1.10016874
142 27        0.988499694
142 43         1.08918409
142 17        0.547244894
142 128        0.661819992
142 42        0.872135504
143 12        0.093048863
143 10       0.0833461822
143 75       0.0703257467
143 11        0.083010114
143 70       0.0456283232
143 101       0.0670480713
144 302        0.805199698
144 73        0.595831816
144 16        0.725558785
144 108        0.426549192
144 141        0.496824462
144 125        0.254749962
145 104        0.747344674
145 123        0.546545546
145 47        0.668126505
145 58        0.518152639
145 18        0.492175303
145 31        0.597300195
146 11       0.0805952746
146 70       0.0647695675
146 15       0.0778885292
146 130       0.0514449581
146 12       0.0425850117
146 13       0.0578718647
147 79        0.739199293
147 112        0.309363978
147 65        0.723173741
147 62        0.269443642
147 92        0.711122347
147 94        0.601459901
148 300         1.26979487
148 114         1.11024638
148 106         1.07398686
148 23        0.769936096
148 41        0.921630996
148 140        0.972561434
149 51        0.487066835
149 127        0.450244072
149 265        0.418204104
149 53        0.299882981
149 33        0.282848911
149 25        0.371315752
150 161        0.511087696
150 156        0.419397207
150 512        0.431589838
150 160        0.267132461
150 158        0.377294754
150 513        0.402744566
151 158        0.657369198
151 159         0.56645294
151 156        0.627934492
151 157        0.528859616
151 165        0.405435052
151 155        0.386804789
152 154        0.758098418
152 517        0.635563473
152 509          0.6532744
152 512        0.597312606
152 150        0.618426931
152 161         0.64408353
153 162         1.64913445
153 164         1.59695902
153 424         1.56508696
153 419         1.29748885
153 417          1.3518847
153 154         1.36401563
154 517         1.23880402
154 520         1.15054827
154 164         1.11816587
154 509         1.14650636
154 162        0.704536962
154 152        0.758098418
155 157         0.74744533
155 156        0.557068725
155 322        0.679232369
155 165        0.411250781
155 151        0.386804789
155 158        0.655191612
156 155        0.557068725
156 160        0.353866063
156 157        0.471710325
156 165        0.222764446
156 158        0.129830288
156 150        0.419397207
157 151        0.528859616
157 160        0.455908681
157 156        0.471710325
157 163        0.357618663
157 165        0.381915949
157 158        0.385295942
158 163        0.477626578
158 165        0.267709396
158 157        0.385295942
158 160        0.239983149
158 156        0.129830288
158 150        0.377294754
159 325         1.09415499
159 155        0.828537191
159 157         1.00087854
159 488        0.787393361
159 151         0.56645294
159 165        0.971740914
160 157        0.455908681
160 156        0.353866063
160 163        0.343866568
160 150        0.267132461
160 158        0.239983149
160 513        0.326261718
161 160        0.724708555
161 152         0.64408353
161 158        0.664359774
161 156          0.5890609
161 150        0.511087696
161 321        0.460212509
162 152         0.80658848
162 509        0.687758696
162 405        0.776259547
162 520        0.446023263
162 516        0.722924515
162 154        0.704536962
163 491         0.47951482
163 513        0.387816957
163 158        0.477626578
163 511        0.381331847
163 160        0.343866568
163 157        0.357618663
164 152         1.57623037
164 337         1.29951882
164 331         1.45588877
164 327         1.23229796
164 334        0.957201912
164 154         1.11816587
165 160        0.499584041
165 151        0.405435052
165 155        0.411250781
165 156        0.222764446
165 158        0.267709396
165 157        0.381915949
166 188        0.846684645
166 451        0.772902714
166 448         0.78182059
166 183        0.737700291
166 184        0.536820807
166 186        0.590491198
167 180        0.837319949
167 189        0.722817159
167 182         0.77333637
167 168        0.272337666
167 186        0.322159745
167 178        0.450005676
168 172        0.874504412
168 189        0.456598928
168 180        0.721070176
168 178         0.45094526
168 167        0.272337666
168 186        0.588577602
169 325          1.0124057
169 176        0.887584056
169 329        0.863208609
169 175        0.502613331
169 172        0.540857567
169 178        0.759077336
170 313         1.28012668
170 316         0.89226816
170 177         1.07587525
170 317        0.634197118
170 306        0.944839688
170 319          1.0247803
171 186         1.32428811
171 191        0.587953656
171 174         1.10402964
171 188        0.569811162
171 182        0.813462547
171 173        0.885653401
172 168        0.874504412
172 187        0.790076343
172 190          0.8431829
172 169        0.540857567
172 189        0.706480514
172 178        0.832294705
173 174         1.36160016
173 188         1.05790873
173 191        0.926533393
173 177        0.830868068
173 171        0.885653401
173 179        0.889385121
174 171         1.10402964
174 466        0.960567157
174 468         1.05319955
174 462        0.771502589
174 191         0.53765223
174 461         0.70649264
175 178        0.841763599
175 332        0.663118235
175 183        0.723670299
175 169        0.502613331
175 176        0.431979112
175 329        0.689558853
176 332        0.772990616
176 451        0.748240136
176 333        0.755692378
176 175        0.431979112
176 183        0.372276137
176 184        0.679800872
177 179         1.34491445
177 56         1.25483658
177 306         1.11577293
177 72        0.783373164
177 173        0.830868068
177 170         1.07587525
178 189        0.798110769
178 186        0.558730845
178 169        0.759077336
178 168         0.45094526
178 167        0.450005676
178 183         0.74916377
179 170         1.29423896
179 449         1.20561116
179 188         1.26681192
179 173        0.889385121
179 448        0.925368424
179 166         1.12572869
180 185        0.933507663
180 190        0.886165605
180 167        0.837319949
180 189        0.622589969
180 182        0.702454149
180 168        0.721070176
181 480         1.00822462
181 499        0.667955984
181 187        0.968995832
181 190        0.614252163
181 495        0.644084774
181 501        0.917875001
182 168        0.893728636
182 171        0.813462547
182 186        0.831299534
182 188        0.629576593
182 180        0.702454149
182 167         0.77333637
183 178         0.74916377
183 175        0.723670299
183 166        0.737700291
183 451        0.547289199
183 184        0.360518699
183 176        0.372276137
184 453        0.772721685
184 448        0.664541597
184 176        0.679800872
184 451        0.289085178
184 183        0.360518699
184 166        0.536820807
185 181         1.38575723
185 478         1.06055196
185 501         1.27333521
185 180        0.933507663
185 463        0.871056423
185 182         1.07280796
186 182        0.831299534
186 168        0.588577602
186 188        0.782158076
186 178        0.558730845
186 167        0.322159745
186 166        0.590491198
187 181        0.968995832
187 189        0.968915594
187 499        0.877659758
187 172        0.790076343
187 497        0.485870908
187 190        0.570329975
188 173         1.05790873
188 167        0.960500905
188 186        0.782158076
188 166        0.846684645
188 182        0.629576593
188 171        0.569811162
189 178        0.798110769
189 172        0.706480514
189 167        0.722817159
189 168        0.456598928
189 180        0.622589969
189 190        0.542561125
190 497        0.937194035
190 180        0.886165605
190 172          0.8431829
190 187        0.570329975
190 189        0.542561125
190 181        0.614252163
191 462         1.30910996
191 173        0.926533393
191 188         1.14845475
191 174         0.53765223
191 171        0.587953656
191 461         1.12251971
192 237         0.80196705
192 467        0.621150443
192 197        0.667579809
192 209        0.423501207
192 214        0.379055809
192 204        0.487765685
193 210        0.916040203
193 202        0.482859929
193 205        0.789708567
193 213        0.447117659
193 200        0.301779044
193 211        0.676733266
194 228         0.52556147
194 235        0.404188925
194 211        0.500436145
194 197        0.387263113
194 237        0.403466859
194 210        0.283582766
195 197        0.811393501
195 209        0.622343141
195 200        0.732146525
195 205        0.419131094
195 214        0.652241387
195 206        0.691084934
196 198        0.957537038
196 204        0.935118732
196 262        0.823212589
196 207        0.700328293
196 216        0.560022921
196 206        0.808168659
197 210        0.531003872
197 205        0.492116794
197 237        0.488512443
197 209        0.322032115
197 211         0.48224035
197 194        0.387263113
198 196        0.957537038
198 262        0.666631546
198 266        0.952706848
198 201        0.529796988
198 216        0.444112676
198 474        0.672233169
199 213         1.27011057
199 203        0.908608737
199 357         1.21976468
199 215        0.615475658
199 212        0.422233016
199 208         1.13501507
200 195        0.732146525
200 205        0.495797843
200 211        0.498659758
200 213        0.406733158
200 193        0.301779044
200 202        0.468081271
201 196        0.962864305
201 216        0.716316223
201 474        0.917044488
201 198        0.529796988
201 204        0.564998352
201 467        0.822879178
202 194        0.712765585
202 205        0.677126202
202 210         0.44629575
202 200        0.468081271
202 193        0.482859929
202 211        0.323607126
203 360         1.00152736
203 212        0.928084299
203 193        0.924468879
203 215        0.653833661
203 199        0.908608737
203 213        0.622154712
204 196        0.935118732
204 467         0.67101532
204 209        0.836334168
204 214        0.428702714
204 201        0.564998352
204 192        0.487765685
205 202        0.677126202
205 209        0.481962478
205 200        0.495797843
205 195        0.419131094
205 211        0.422298916
205 197        0.492116794
206 205         1.10983791
206 196        0.808168659
206 212        0.920424059
206 208        0.740034547
206 195        0.691084934
206 214        0.872032981
207 258         1.12337736
207 208         0.85536414
207 216        0.953048458
207 260        0.582565629
207 196        0.700328293
207 262         0.87993382
208 195         1.39219515
208 207         0.85536414
208 199         1.13501507
208 206        0.740034547
208 212        0.849061158
208 196          1.0305565
209 237        0.696561415
209 205        0.481962478
209 195        0.622343141
209 197        0.322032115
209 192        0.423501207
209 214        0.492159922
210 197        0.531003872
210 235         0.49350057
210 218        0.471126725
210 202         0.44629575
210 194        0.283582766
210 211        0.333217799
211 194        0.500436145
211 200        0.498659758
211 210        0.333217799
211 197         0.48224035
211 205        0.422298916
211 202        0.323607126
212 213         1.06377464
212 215         0.92597817
212 203        0.928084299
212 208        0.849061158
212 199        0.422233016
212 206        0.920424059
213 202        0.846808287
213 195        0.815873802
213 203        0.622154712
213 200        0.406733158
213 205        0.782645285
213 193        0.447117659
214 197        0.813386381
214 205        0.811407214
214 204        0.428702714
214 209        0.492159922
214 195        0.652241387
214 192        0.379055809
215 212         0.92597817
215 357        0.644824059
215 361        0.810754518
215 199        0.615475658
215 203        0.653833661
215 360        0.774250244
216 260        0.970436948
216 201        0.716316223
216 207        0.953048458
216 198        0.444112676
216 262        0.417437128
216 196        0.560022921
217 220           1.522188
217 226        0.822481415
217 224         1.41913472
217 487        0.804504116
217 481         1.10800263
217 232         1.39089576
218 228        0.679293945
218 225        0.674389206
218 194        0.571766168
218 235        0.332811836
218 276        0.508500489
218 210        0.471126725
219 224        0.612720981
219 236        0.309886271
219 233        0.520318529
219 227        0.298833578
219 230        0.466452781
219 241        0.445421019
220 227        0.671006919
220 222         0.50333647
220 233        0.645057568
220 221        0.271614356
220 232        0.177395751
220 224        0.360280106
221 233        0.797911854
221 223        0.559393414
221 224         0.63149493
221 220        0.271614356
221 222         0.32247379
221 232        0.440638273
222 233        0.742050216
222 220         0.50333647
222 231        0.681563637
222 223        0.246164124
222 221         0.32247379
222 232        0.677549082
223 232        0.920060949
223 220        0.747788144
223 233        0.868433519
223 221        0.559393414
223 222        0.246164124
223 231        0.655212282
224 221         0.63149493
224 219        0.612720981
224 233        0.566924017
224 227        0.333255581
224 220        0.360280106
224 232        0.217179328
225 218        0.674389206
225 237        0.623804748
225 234        0.428503463
225 228        0.225621741
225 235         0.39453998
225 239        0.380720572
226 487         1.58727895
226 277         1.55106758
226 230         1.41275575
226 278         1.40771226
226 274         1.18919359
226 217        0.822481415
227 236         0.58715704
227 224        0.333255581
227 232        0.549245447
227 219        0.298833578
227 230        0.516001367
227 233        0.525816426
228 239        0.606293669
228 237        0.398456127
228 234        0.594669259
228 225        0.225621741
228 235        0.348831159
228 194         0.52556147
229 225        0.772168863
229 234        0.723703367
229 236        0.743654126
229 281         0.70044397
229 239        0.422137575
229 241        0.690095765
230 233        0.965337825
230 227        0.516001367
230 224        0.811943118
230 219        0.466452781
230 236        0.451985549
230 241        0.668453713
231 220        0.904121188
231 223        0.655212282
231 240        0.834685983
231 238        0.456409581
231 233        0.485878549
231 222        0.681563637
232 222        0.677549082
232 227        0.549245447
232 233        0.662734699
232 220        0.177395751
232 221        0.440638273
232 224        0.217179328
233 220        0.645057568
233 227        0.525816426
233 224        0.566924017
233 219        0.520318529
233 231        0.485878549
233 238          0.3438475
234 240        0.618333799
234 228        0.594669259
234 236        0.547999836
234 239        0.347715557
234 225        0.428503463
234 241        0.330553829
235 237        0.572097571
235 225         0.39453998
235 210         0.49350057
235 228        0.348831159
235 218        0.332811836
235 194        0.404188925
236 239        0.659556711
236 230        0.451985549
236 227         0.58715704
236 219        0.309886271
236 241          0.2175381
236 234        0.547999836
237 210        0.687049132
237 235        0.572097571
237 225        0.623804748
237 228        0.398456127
237 194        0.403466859
237 197        0.488512443
238 234         0.68357543
238 219        0.615417414
238 241        0.664999273
238 231        0.456409581
238 233          0.3438475
238 240        0.602420847
239 236        0.659556711
239 228        0.606293669
239 241        0.491847981
239 234        0.347715557
239 225        0.380720572
239 229        0.422137575
240 231        0.834685983
240 225        0.700857703
240 237        0.713854476
240 228          0.6475925
240 234        0.618333799
240 238        0.602420847
241 230        0.668453713
241 219        0.445421019
241 238        0.664999273
241 236          0.2175381
241 234        0.330553829
241 239        0.491847981
242 256          2.2486915
242 390         2.02037356
242 401         2.01852885
242 247         1.49869098
242 252          0.7048839
242 400         1.55460352
243 383           1.791437
243 392         1.20535029
243 399         1.50486152
243 246         1.03806276
243 249          1.0238418
243 397        0.696706546
244 247         2.53318876
244 245         1.79910247
244 455         2.07190919
244 250         1.54192057
244 251         1.58846274
244 254         1.29471893
245 242         2.31881785
245 252         1.67021597
245 256         2.23250729
245 250         1.26498082
245 247         1.14723905
245 244         1.79910247
246 383         2.30774268
246 255         1.43750471
246 397         1.70400262
246 243         1.03806276
246 249         1.14244521
246 392         1.57540737
247 401         2.29632667
247 250         1.20227693
247 242         1.49869098
247 252         1.10837641
247 245         1.14723905
247 256         1.30063855
248 250         1.88852355
248 256         1.66157237
248 397         1.88591756
248 249         1.66025096
248 251         1.28274766
248 402         1.62156685
249 251         1.80644453
249 246         1.14244521
249 248         1.66025096
249 243          1.0238418
249 255        0.901271589
249 397         1.59317582
250 248         1.88852355
250 251         1.45710729
250 244         1.54192057
250 247         1.20227693
250 245         1.26498082
250 256          1.3724165
251 255          1.9089221
251 250         1.45710729
251 249         1.80644453
251 248         1.28274766
251 254         1.35723922
251 244         1.58846274
252 250         2.27776863
252 247         1.10837641
252 256         2.21056334
252 242          0.7048839
252 245         1.67021597
252 400         2.19808424
253 246         2.40792946
253 251         2.35517764
253 254          1.6358623
253 249         2.01887501
253 255         1.12836798
253 458          1.4969401
254 458         2.21065873
254 253          1.6358623
254 455         2.21045772
254 251         1.35723922
254 244         1.29471893
254 255         1.94470551
255 254         1.94470551
255 251          1.9089221
255 253         1.12836798
255 243         1.83902162
255 246         1.43750471
